NbNoeuds: 38
NbLiaisons: 22
NbCommodités: 8
Gamma: 3

v 38 25.000000 97.000000
v 37 14.000000 98.000000
v 36 16.000000 94.000000
v 35 16.000000 94.000000
v 34 14.000000 98.000000
v 33 16.000000 96.000000
v 32 20.000000 92.000000
v 31 20.000000 92.000000
v 30 16.000000 97.000000
v 29 16.000000 97.000000
v 28 25.000000 97.000000
v 27 25.000000 97.000000
v 26 16.000000 96.000000
v 25 20.000000 94.000000
v 24 22.000000 93.000000
v 23 25.000000 97.000000
v 22 25.000000 97.000000
v 21 22.000000 93.000000
v 20 20.000000 94.000000
v 19 17.000000 96.000000
v 18 16.000000 97.000000
v 17 16.000000 97.000000
v 16 14.000000 98.000000
v 15 16.000000 94.000000
v 14 20.000000 92.000000
v 13 22.000000 93.000000
v 12 21.000000 95.000000
v 11 21.000000 95.000000
v 10 14.000000 98.000000
v 9 16.000000 94.000000
v 8 20.000000 92.000000
v 7 22.000000 93.000000
v 6 22.000000 96.000000
v 5 22.000000 96.000000
v 4 22.000000 93.000000
v 3 20.000000 92.000000
v 2 16.000000 96.000000
v 1 16.000000 96.000000

l 38 37
l 37 38
l 37 36
l 34 33
l 33 32
l 30 29
l 29 28
l 26 25
l 25 24
l 24 23
l 21 20
l 20 19
l 19 18
l 16 15
l 15 14
l 14 13
l 13 12
l 10 9
l 9 8
l 8 7
l 7 6
l 4 3
l 3 2

k 35 38
k 31 34
k 27 30
k 22 26
k 17 21
k 11 16
k 5 10
k 1 4
